( 1 1) =      1 ( 1 2) =      0 ( 1 3) =      0 ( 1 4) =      0 ( 1 5) =      0 ( 1 6) =      0 ( 1 7) =      0 ( 1 8) =      0 ( 1 9) =      0 ( 110) =      0 
( 2 1) =      2 ( 2 2) =      0 ( 2 3) =      0 ( 2 4) =      0 ( 2 5) =      0 ( 2 6) =      0 ( 2 7) =      0 ( 2 8) =      0 ( 2 9) =      0 ( 210) =      0 
( 3 1) =      4 ( 3 2) =      2 ( 3 3) =      0 ( 3 4) =      0 ( 3 5) =      0 ( 3 6) =      0 ( 3 7) =      0 ( 3 8) =      0 ( 3 9) =      0 ( 310) =      0 
( 4 1) =      8 ( 4 2) =     16 ( 4 3) =      0 ( 4 4) =      0 ( 4 5) =      0 ( 4 6) =      0 ( 4 7) =      0 ( 4 8) =      0 ( 4 9) =      0 ( 410) =      0 
( 5 1) =     16 ( 5 2) =     88 ( 5 3) =     16 ( 5 4) =      0 ( 5 5) =      0 ( 5 6) =      0 ( 5 7) =      0 ( 5 8) =      0 ( 5 9) =      0 ( 510) =      0 
( 6 1) =     32 ( 6 2) =    416 ( 6 3) =    272 ( 6 4) =      0 ( 6 5) =      0 ( 6 6) =      0 ( 6 7) =      0 ( 6 8) =      0 ( 6 9) =      0 ( 610) =      0 
( 7 1) =     64 ( 7 2) =   1824 ( 7 3) =   2880 ( 7 4) =    272 ( 7 5) =      0 ( 7 6) =      0 ( 7 7) =      0 ( 7 8) =      0 ( 7 9) =      0 ( 710) =      0 
( 8 1) =    128 ( 8 2) =   7680 ( 8 3) =  24576 ( 8 4) =   7936 ( 8 5) =      0 ( 8 6) =      0 ( 8 7) =      0 ( 8 8) =      0 ( 8 9) =      0 ( 810) =      0 
( 9 1) =    256 ( 9 2) =  31616 ( 9 3) = 185856 ( 9 4) = 137216 ( 9 5) =   7936 ( 9 6) =      0 ( 9 7) =      0 ( 9 8) =      0 ( 9 9) =      0 ( 910) =      0 
(10 1) =    512 (10 2) = 128512 (10 3) = 1304832 (10 4) = 1841152 (10 5) = 353792 (10 6) =      0 (10 7) =      0 (10 8) =      0 (10 9) =      0 (1010) =      0 
