1
100 3000
2 1 9
3 1 9
4 1 2
5 4 6
6 3 7
7 2 7
8 6 3
9 3 1
10 7 0
11 4 9
12 11 1
13 2 0
14 8 0
15 10 8
16 15 5
17 1 9
18 8 1
19 9 4
20 3 6
21 14 9
22 17 8
23 16 5
24 10 7
25 12 9
26 17 8
27 8 2
28 8 2
29 27 8
30 7 9
31 7 2
32 19 3
33 24 2
34 19 4
35 10 5
36 35 9
37 18 4
38 32 5
39 26 4
40 25 6
41 7 2
42 21 7
43 38 7
44 38 9
45 8 8
46 16 7
47 29 5
48 37 5
49 1 7
50 13 7
51 29 1
52 42 9
53 17 0
54 1 7
55 28 7
56 16 0
57 16 9
58 13 7
59 3 3
60 50 8
61 16 7
62 37 5
63 49 6
64 14 3
65 61 0
66 47 8
67 62 0
68 3 9
69 1 3
70 38 7
71 20 1
72 18 5
73 67 1
74 50 0
75 10 0
76 64 9
77 75 6
78 34 3
79 61 6
80 75 8
81 59 8
82 3 0
83 4 7
84 35 1
85 51 7
86 21 5
87 39 9
88 38 2
89 88 4
90 71 6
91 56 6
92 62 3
93 39 9
94 8 7
95 88 4
96 80 5
97 54 3
98 27 4
99 72 9
100 11 2
88 81 9
68 81 3
80 88 8
77 83 6
82 68 9
74 46 6
80 100 3
57 26 8
14 40 0
33 50 4
34 89 4
53 56 7
6 88 4
7 64 6
93 45 5
64 18 0
100 49 1
5 87 2
71 78 2
55 27 7
88 16 3
40 23 0
98 10 4
4 73 2
48 70 7
12 87 9
63 88 0
68 44 8
12 14 6
37 69 2
74 56 9
59 48 4
70 45 5
96 100 0
69 99 9
58 62 7
10 25 4
70 44 8
69 7 3
97 43 1
51 68 9
21 27 6
17 96 2
22 91 3
52 11 1
3 21 3
41 30 9
17 51 4
37 71 0
71 67 3
72 70 2
81 90 8
89 58 5
41 79 8
44 83 8
98 85 0
13 77 1
52 94 2
38 30 2
78 100 1
13 24 0
16 56 1
96 97 8
72 37 8
90 33 2
70 82 9
23 94 5
4 97 0
36 34 2
91 63 3
64 28 6
54 95 4
37 90 0
77 13 8
47 2 2
100 24 3
89 46 8
6 49 4
69 37 9
61 79 2
4 42 1
23 95 5
97 83 4
19 59 7
29 5 0
72 4 5
47 44 2
68 2 3
32 70 9
34 82 7
98 85 8
89 7 4
74 55 6
100 25 6
39 54 0
32 77 6
47 23 1
12 90 2
25 74 3
74 59 4
53 56 1
73 96 9
39 69 4
35 20 8
41 59 3
3 90 9
69 88 4
83 99 5
97 75 0
81 100 8
97 52 5
98 76 0
58 14 0
24 100 0
14 92 0
58 95 9
29 15 8
23 97 9
11 46 3
71 26 3
90 74 6
67 24 2
88 33 7
28 56 7
88 21 0
58 78 6
69 59 3
20 33 9
21 43 6
44 14 1
19 55 7
98 21 0
100 60 2
19 88 9
38 27 9
49 37 9
5 57 9
28 22 9
48 65 5
44 30 9
62 84 6
59 56 8
10 68 2
29 7 3
66 85 4
66 21 5
71 30 4
50 57 6
1 5 0
69 48 1
78 9 6
6 20 3
76 29 0
20 9 6
93 27 1
67 92 3
73 14 2
19 16 9
35 16 3
67 36 2
28 13 2
76 70 1
80 97 2
50 16 0
79 8 8
92 27 0
25 51 5
40 69 0
59 56 8
34 74 3
56 2 8
38 77 9
92 8 6
74 58 1
16 88 1
85 79 9
97 55 1
22 94 1
15 52 6
75 37 0
70 44 3
78 82 1
8 25 9
86 98 8
79 13 5
32 49 3
11 45 9
44 19 3
46 85 6
54 59 3
84 28 6
19 58 9
31 17 3
2 83 9
80 48 4
64 96 9
74 93 8
18 63 3
15 99 0
68 57 5
52 36 3
22 45 3
52 61 8
53 14 1
34 46 0
78 9 5
19 34 9
60 51 3
93 65 1
23 33 9
38 36 7
82 57 1
87 61 4
77 65 7
50 99 2
70 28 2
38 47 6
49 6 6
23 50 3
94 73 7
26 62 4
93 95 0
56 81 2
80 58 7
70 7 5
52 29 4
95 66 0
23 14 7
49 88 7
44 34 1
23 59 2
37 3 9
60 10 9
42 90 8
41 59 7
38 62 5
63 8 2
85 30 7
65 31 5
94 26 8
95 49 8
9 85 2
18 96 1
60 38 0
10 30 0
67 68 4
4 30 1
58 66 3
26 30 5
33 23 0
21 69 0
71 78 7
23 47 2
36 6 1
87 16 1
99 34 0
73 90 9
7 47 6
22 72 6
67 4 8
89 76 7
12 98 6
19 72 2
21 8 0
65 94 7
38 44 2
78 69 1
99 27 8
85 48 1
1 66 7
92 6 2
51 17 2
87 35 3
21 8 0
13 72 5
72 9 9
17 38 9
98 36 5
78 20 2
30 73 9
89 64 4
23 14 1
55 52 7
59 24 4
69 37 7
25 60 7
76 45 4
26 80 9
55 52 3
36 24 2
24 39 8
47 4 9
1 55 7
59 30 3
80 18 1
4 78 8
31 5 5
77 82 4
16 37 7
51 72 0
95 96 0
53 94 3
95 94 9
54 5 9
37 84 8
68 39 7
59 69 2
94 45 3
60 12 1
78 14 3
70 8 0
1 60 3
86 6 8
78 59 2
99 96 5
37 15 5
5 25 5
29 70 9
34 30 2
76 59 5
41 80 4
53 32 6
6 18 1
56 47 0
59 45 7
96 81 1
72 37 8
67 65 7
59 51 8
13 78 6
29 18 8
55 70 9
41 27 8
33 82 4
35 92 0
32 88 3
95 59 9
83 77 6
93 35 8
31 48 5
80 28 2
8 82 3
67 75 1
48 59 4
22 93 6
45 76 3
48 70 3
87 5 9
95 97 6
53 79 5
88 58 2
92 65 5
17 84 9
68 31 7
53 4 1
29 48 6
44 47 8
69 34 4
18 80 2
6 85 0
41 24 8
55 16 4
51 84 9
72 52 1
52 56 7
75 36 6
74 79 3
42 47 8
66 16 7
38 74 1
40 14 7
100 21 4
25 71 7
36 94 0
78 97 5
27 72 0
23 45 0
66 38 6
94 55 4
2 44 7
45 83 2
64 83 2
98 59 4
16 94 0
88 23 6
64 49 9
26 72 5
67 89 4
5 83 8
11 36 1
38 32 4
83 96 8
95 93 6
82 60 1
62 48 4
90 63 4
42 88 7
89 6 6
74 11 8
12 73 5
94 63 6
10 45 1
8 91 6
16 72 5
17 85 4
93 27 6
70 68 6
17 56 1
53 29 3
23 93 6
28 38 8
65 47 4
48 6 4
24 73 8
12 41 2
46 34 8
95 3 7
31 71 3
24 76 1
80 98 5
56 78 2
46 94 8
80 93 5
56 17 7
4 80 8
37 25 3
47 71 7
25 53 7
58 77 2
71 8 2
29 15 1
71 60 6
12 91 8
57 46 6
27 50 5
37 38 2
32 36 2
29 60 5
48 69 3
43 92 0
87 20 4
60 90 5
26 1 5
36 10 2
63 88 1
20 24 0
2 55 6
7 35 7
64 82 6
49 24 9
89 62 0
95 21 9
12 46 2
19 34 3
71 96 0
73 67 3
15 21 9
41 27 3
79 90 6
37 38 2
86 78 3
6 24 4
67 35 1
29 53 4
52 23 1
14 47 8
47 62 8
38 54 6
11 32 5
70 68 4
52 5 3
95 62 6
11 29 2
73 9 6
19 13 0
13 26 9
21 25 0
1 62 3
7 25 7
54 94 6
90 45 1
3 91 4
91 2 2
65 26 1
91 44 5
91 56 0
42 28 4
2 80 8
68 38 2
17 43 5
33 32 1
6 86 1
41 28 2
55 92 9
78 82 5
13 25 2
26 66 2
62 20 1
60 39 1
82 55 3
49 39 7
60 97 4
62 89 2
16 43 3
48 21 7
23 85 1
5 10 8
67 72 9
9 83 7
92 17 3
65 43 3
77 91 8
90 79 0
57 73 3
4 93 0
26 30 3
31 39 4
49 62 3
9 45 3
100 13 6
65 29 0
90 5 2
58 46 0
48 3 3
4 58 7
6 84 6
32 66 7
46 14 8
71 75 4
94 74 6
73 90 5
93 80 1
56 37 7
48 37 1
61 40 8
71 97 3
57 28 0
86 73 6
25 44 0
11 89 3
58 61 5
85 54 4
68 61 2
97 60 8
28 21 9
69 43 6
44 51 5
37 39 2
13 34 2
23 22 7
32 83 2
68 88 8
36 100 1
32 59 1
12 31 3
32 73 1
27 76 6
63 12 6
5 24 9
79 98 1
59 30 5
81 49 4
82 84 3
45 68 3
58 31 4
61 14 8
54 40 3
61 3 6
57 59 9
39 38 9
90 96 0
27 28 8
51 61 4
26 5 1
59 63 3
75 27 5
29 66 8
89 20 5
97 31 6
35 68 7
76 15 7
2 94 8
4 55 2
81 11 5
92 73 8
18 48 4
33 76 1
12 16 1
69 12 1
27 99 0
85 74 6
22 28 1
40 83 7
74 64 8
39 7 0
17 24 9
73 57 4
95 20 1
36 40 3
59 66 3
1 50 6
57 24 3
10 15 8
18 89 1
36 27 9
26 96 4
16 68 0
32 62 1
64 49 0
59 7 6
52 59 7
70 15 2
64 25 7
92 42 5
35 77 3
36 54 8
60 21 6
93 53 9
44 68 8
87 78 6
95 29 5
52 98 1
85 13 7
84 56 8
19 42 6
84 77 2
93 37 2
21 81 6
10 24 5
100 62 2
97 56 0
4 8 0
25 44 4
23 27 0
13 97 3
32 80 0
4 24 8
48 96 0
97 58 3
12 57 5
5 73 6
8 80 8
85 75 3
7 53 5
71 49 8
2 81 0
57 56 0
57 52 0
53 61 6
16 69 3
72 74 5
49 33 7
99 17 1
84 75 4
59 46 4
70 47 6
92 56 2
15 12 5
17 16 7
23 31 5
98 3 0
94 3 3
21 1 1
74 37 8
80 47 3
87 68 1
73 60 6
67 26 9
64 42 4
21 17 5
47 14 9
97 59 3
32 79 5
36 5 1
14 84 8
89 22 5
62 95 6
91 13 1
30 77 5
37 49 1
74 95 6
13 44 5
6 27 5
3 62 9
85 27 5
13 67 6
60 29 2
67 71 5
50 100 3
27 88 1
20 61 8
27 25 1
44 82 7
39 85 1
91 69 9
26 33 6
34 92 6
37 10 6
4 60 7
99 86 5
90 58 5
80 84 2
61 79 3
21 17 7
94 7 7
45 84 9
11 70 1
9 6 2
25 61 1
45 11 9
100 69 6
32 52 8
92 30 4
64 98 1
9 57 1
54 92 0
16 61 3
25 18 6
1 78 9
45 88 0
44 40 8
63 71 1
21 14 2
5 30 0
99 38 8
22 43 9
2 59 0
88 83 7
36 83 7
5 28 6
38 23 7
86 85 9
90 58 3
22 14 4
4 12 1
42 85 4
24 87 4
66 26 6
73 61 0
62 65 7
91 2 2
58 40 6
48 81 3
3 2 7
87 58 0
60 51 5
76 74 3
2 39 8
58 64 8
1 77 2
18 67 6
62 77 7
39 24 7
24 78 0
71 16 9
34 27 2
29 55 5
62 56 6
20 66 1
90 66 7
24 35 6
12 97 2
39 35 7
98 58 6
11 81 3
32 14 9
4 42 3
2 55 1
90 26 6
41 15 1
20 90 5
18 2 3
92 28 8
90 38 6
52 18 9
35 83 9
39 76 4
40 30 7
81 7 3
73 47 3
62 45 1
63 38 2
55 18 3
96 55 9
99 24 9
33 6 0
23 81 6
14 62 4
94 20 9
66 92 8
10 53 2
71 16 1
75 22 8
68 17 4
80 67 9
51 99 6
53 22 8
59 35 1
55 81 0
87 46 1
65 55 4
39 77 1
2 4 4
83 23 2
69 2 8
79 4 8
97 56 9
96 67 6
7 73 6
38 59 3
59 75 0
85 65 6
78 19 1
92 1 4
74 69 7
74 99 1
73 96 8
44 43 4
2 49 7
88 38 7
24 49 4
14 33 0
32 63 8
54 71 9
80 40 6
53 90 7
77 85 8
73 27 2
74 28 1
14 65 1
37 13 5
50 98 7
33 60 6
86 65 6
35 44 7
34 49 9
81 77 3
41 49 2
24 23 1
57 36 7
100 24 0
27 25 9
55 57 8
1 43 4
69 29 0
29 62 8
78 95 6
63 35 5
27 10 9
18 19 6
78 18 9
50 45 3
19 99 9
99 51 3
43 71 4
83 51 5
23 28 1
92 91 8
57 69 7
48 39 7
74 16 5
75 65 1
48 83 1
29 33 3
5 75 5
9 10 6
26 84 3
90 75 5
88 83 4
47 30 2
25 55 7
72 29 1
15 76 5
56 57 7
99 13 3
64 21 2
80 98 8
76 87 2
61 74 5
67 73 6
11 97 1
18 20 9
41 34 7
98 89 3
35 39 5
51 54 7
75 86 6
83 61 3
66 73 8
83 92 0
29 2 6
30 20 7
60 12 0
69 10 8
34 96 8
11 46 2
8 21 7
54 55 9
39 20 3
98 2 4
80 83 6
59 12 7
56 23 0
87 43 9
5 76 7
66 86 4
28 45 4
27 51 1
38 89 0
21 38 4
48 18 8
76 62 2
31 85 2
17 27 4
74 55 1
39 40 5
18 37 2
96 87 3
33 27 5
5 65 1
52 34 9
79 9 1
1 91 7
86 8 5
90 33 9
13 23 1
100 92 7
72 87 5
87 71 1
13 27 5
54 31 8
46 9 8
47 10 9
84 47 8
99 88 0
21 100 4
82 99 5
31 23 3
66 9 3
27 21 1
5 27 1
15 24 0
34 70 1
95 5 7
63 55 4
15 75 3
89 8 3
6 38 5
61 55 4
34 37 4
38 15 8
4 38 8
37 59 9
83 63 6
45 18 2
59 44 7
99 52 0
56 41 8
16 96 4
49 81 0
86 18 7
56 73 4
64 62 3
23 44 5
31 89 4
75 99 8
2 98 1
14 53 3
82 69 0
66 69 0
39 6 9
26 61 2
50 76 3
85 50 6
83 80 6
97 6 5
7 15 9
21 19 3
54 39 3
20 60 4
58 65 3
35 78 5
36 5 0
21 55 7
55 86 3
3 92 0
10 98 4
81 70 3
54 24 1
28 95 0
34 4 7
37 38 6
15 73 0
75 45 4
14 99 0
68 54 3
38 63 0
75 95 2
78 49 7
71 76 1
24 61 6
93 97 3
39 63 7
41 38 4
98 3 4
40 70 7
73 60 1
55 34 6
7 63 4
34 85 1
7 60 3
83 52 9
48 42 4
38 35 3
24 32 5
8 71 7
98 43 6
1 97 1
47 56 5
93 41 9
66 100 1
99 34 4
81 82 6
25 71 0
58 94 1
45 53 3
2 86 9
3 34 0
1 41 7
94 34 9
11 33 0
10 66 4
42 99 0
18 69 2
27 14 5
71 19 8
73 20 5
42 22 1
65 23 3
2 68 6
91 78 8
91 39 6
58 32 4
80 49 5
93 75 8
30 46 6
59 70 8
76 63 9
27 44 2
81 11 8
71 41 9
14 31 5
71 63 1
2 11 6
94 86 5
76 83 3
86 52 1
61 14 3
40 93 6
62 73 9
12 95 1
71 60 1
56 82 3
18 84 6
24 29 3
41 4 5
87 89 8
80 2 3
43 93 5
2 54 9
23 65 6
84 88 5
75 43 9
81 12 2
49 88 2
2 80 6
37 66 6
75 98 9
30 40 1
26 93 6
97 15 3
63 98 0
41 25 2
52 57 6
94 5 3
68 6 2
46 42 0
13 68 7
84 97 8
96 74 3
64 23 7
97 85 7
17 77 1
32 28 9
58 73 3
23 41 8
15 86 1
77 50 0
84 34 8
35 81 2
78 44 6
87 41 2
94 9 9
77 40 8
16 49 3
59 71 3
59 38 0
100 14 2
12 50 7
21 36 7
55 13 0
11 99 2
3 45 1
24 21 2
25 89 3
98 99 5
63 58 2
65 9 8
17 21 7
54 93 2
71 99 6
84 61 6
88 15 0
1 39 3
6 15 1
59 12 9
34 74 8
47 38 7
77 7 9
56 60 3
70 83 1
96 18 1
24 57 7
45 58 5
90 63 1
23 21 2
54 6 7
43 4 7
40 80 5
61 35 4
74 4 8
37 51 5
8 75 2
45 71 1
73 60 3
66 82 5
19 87 2
48 29 6
67 20 7
92 80 2
29 5 7
47 41 8
35 100 4
79 97 4
32 21 5
95 86 8
82 56 4
26 56 3
22 43 1
66 75 3
94 31 2
92 72 2
78 23 6
8 19 0
39 91 7
85 29 5
18 84 0
44 91 3
17 65 7
18 30 3
33 75 4
66 18 7
70 96 9
17 3 0
79 94 0
17 78 8
62 96 4
54 39 4
69 55 8
27 25 9
62 57 5
28 74 3
65 44 8
77 12 2
7 90 5
79 6 5
80 20 0
16 73 0
90 42 6
81 20 0
52 33 9
98 61 2
61 25 7
71 53 8
35 59 8
93 90 5
28 21 6
58 36 9
78 77 2
4 9 3
7 61 5
66 58 7
50 70 4
78 40 6
16 26 7
96 18 6
82 45 6
38 54 1
19 83 9
41 87 8
86 45 8
12 10 7
1 59 6
15 36 7
82 4 2
59 99 2
25 32 6
63 70 2
36 40 4
85 33 2
43 18 6
61 81 7
88 82 6
36 96 3
23 77 6
88 35 7
70 11 8
48 73 9
80 60 9
47 45 1
99 39 8
48 100 9
5 39 2
73 27 7
77 1 6
35 88 0
92 9 3
81 9 7
42 40 7
91 86 3
72 37 1
23 84 2
54 88 3
66 61 9
25 89 9
61 23 9
32 67 9
17 99 7
74 40 7
43 31 4
56 54 0
8 76 5
62 29 5
55 46 7
74 71 5
46 31 9
5 14 5
24 30 5
4 56 5
71 98 7
27 6 0
68 13 8
95 74 8
10 81 4
37 54 4
4 51 6
94 7 0
1 83 1
7 86 8
4 8 6
31 34 1
63 53 5
71 48 0
60 9 0
94 46 6
50 1 6
36 94 3
88 47 5
22 5 0
10 8 9
48 90 2
39 52 7
46 23 6
27 82 4
39 27 1
5 28 2
22 15 7
97 3 3
2 76 7
44 85 6
93 33 5
27 23 7
14 21 9
52 99 2
47 37 0
38 42 7
82 15 1
20 63 5
3 64 0
43 59 7
89 3 1
25 81 5
64 47 5
25 98 3
67 44 0
39 34 3
38 15 9
51 34 1
67 89 6
9 83 6
88 71 8
99 47 8
85 10 4
90 34 4
46 52 7
38 42 0
71 79 7
22 30 0
83 48 0
11 8 2
97 96 5
37 46 1
57 82 3
24 72 8
88 69 2
47 6 3
88 76 4
47 49 5
87 83 4
20 93 1
82 41 8
67 29 6
51 85 7
96 8 8
74 47 8
56 94 3
32 33 0
86 79 8
21 17 0
55 36 4
48 70 4
89 88 2
75 38 9
42 85 8
33 59 5
91 66 0
55 49 2
45 34 2
36 6 8
56 12 6
21 60 5
77 100 4
62 74 2
31 15 8
11 99 6
86 90 4
58 96 2
10 92 8
44 27 3
43 35 5
81 7 6
88 35 5
82 96 0
66 78 4
35 89 5
13 26 6
57 84 1
2 45 2
80 89 1
63 83 7
10 63 3
68 50 7
25 83 5
55 49 2
52 83 2
47 95 0
83 52 5
66 5 9
40 84 9
41 98 3
28 60 5
73 27 6
1 52 9
28 58 7
32 9 1
25 55 5
47 89 8
52 54 2
53 94 5
95 86 3
18 14 2
56 38 0
42 38 3
63 17 1
80 49 9
31 25 6
29 71 6
77 74 0
82 78 3
69 72 8
54 90 3
98 45 1
69 38 0
42 1 7
25 32 7
17 15 1
63 43 1
1 71 6
41 52 3
26 21 7
97 26 6
32 24 2
5 92 1
16 85 1
95 10 5
22 26 9
25 40 3
98 40 3
44 33 7
19 58 9
66 54 4
54 38 7
86 42 0
8 9 5
81 3 6
38 76 3
57 52 2
70 49 3
6 44 5
45 63 5
56 28 0
92 82 7
52 19 9
2 78 7
89 11 2
85 48 9
10 5 1
22 26 9
78 83 3
13 79 7
10 34 6
61 78 7
48 29 8
77 82 5
67 71 7
59 7 5
30 17 1
1 90 8
73 19 3
88 84 1
65 93 7
21 53 4
11 1 4
19 29 5
56 95 7
56 5 6
51 35 4
54 87 5
82 59 4
45 46 7
39 62 9
66 35 4
22 45 4
6 15 4
71 22 9
11 29 5
57 79 1
23 84 8
78 18 6
4 62 4
61 52 7
63 17 1
17 38 7
23 95 3
57 66 7
38 28 5
24 36 4
47 58 9
5 87 6
22 91 0
88 3 1
15 17 0
77 33 7
86 55 2
10 64 9
7 1 8
32 76 3
88 23 2
28 27 8
84 100 0
6 39 3
28 54 1
18 82 4
97 67 0
71 76 5
10 34 6
28 66 3
33 53 7
95 32 6
96 68 7
86 73 6
31 100 1
93 69 2
39 66 0
91 36 8
7 98 1
75 77 8
18 10 3
36 56 4
84 51 1
31 89 6
17 19 5
60 63 6
84 53 3
75 44 8
45 50 7
48 24 6
17 93 7
42 80 2
46 63 5
70 94 3
66 62 3
13 22 6
29 5 0
62 31 3
83 75 2
52 75 5
98 43 8
5 84 9
68 29 2
85 50 7
38 15 8
61 80 1
99 8 6
90 22 8
75 4 5
58 55 9
15 5 1
65 9 6
95 28 6
87 12 6
24 1 2
74 14 1
46 64 1
74 5 2
32 80 7
69 37 3
28 51 7
81 68 8
69 62 5
86 100 9
52 75 9
36 100 2
48 45 6
71 70 0
63 54 9
62 22 7
15 2 0
73 34 7
91 3 0
88 92 6
91 66 8
26 65 0
25 62 8
95 83 1
9 36 0
70 10 0
85 11 0
9 44 9
51 98 9
90 85 0
39 27 7
97 53 3
29 57 9
24 40 0
84 75 2
54 84 2
90 46 4
50 42 3
100 39 2
89 76 4
79 2 3
75 6 7
56 87 3
55 10 2
15 45 9
9 98 4
92 39 2
26 88 3
92 87 3
24 28 0
71 6 4
44 33 9
61 40 5
87 94 6
51 60 1
42 68 0
69 11 9
41 89 6
6 80 5
9 55 4
92 77 1
76 21 5
17 33 4
45 71 9
33 22 8
66 15 8
97 83 0
18 23 0
26 80 9
21 41 6
95 32 2
79 7 4
94 75 7
49 19 7
48 4 0
59 69 5
89 17 7
29 34 2
10 12 1
21 84 1
87 31 4
82 9 0
96 2 7
43 50 7
13 50 0
55 8 9
12 48 7
52 28 3
14 37 4
7 10 7
89 96 7
53 77 5
76 25 7
25 19 8
92 31 9
63 38 8
54 49 5
61 100 3
54 65 1
58 72 0
98 12 8
15 16 6
93 43 0
72 67 9
100 59 1
82 73 8
70 26 9
6 86 8
69 92 3
20 1 6
33 98 7
41 65 4
77 57 7
38 80 3
69 31 3
30 12 5
81 82 0
80 87 8
30 7 1
45 78 1
31 10 1
80 2 7
45 79 5
52 68 4
77 36 4
61 17 6
68 49 9
1 28 7
71 10 3
32 54 2
45 37 4
8 16 5
35 12 3
70 15 2
84 92 9
81 4 8
89 71 6
78 71 6
5 41 5
90 24 8
52 69 4
28 76 2
54 63 3
9 32 8
32 68 1
41 48 4
71 36 6
98 65 7
4 69 9
19 10 5
39 13 5
96 41 2
68 94 4
3 2 6
53 33 5
94 26 2
38 96 9
5 93 3
94 48 3
75 66 2
32 57 4
57 52 4
10 71 9
76 73 1
74 26 5
39 19 0
3 9 8
2 65 2
17 10 0
52 36 7
44 68 5
1 24 6
97 85 6
87 61 1
30 34 8
5 25 6
58 27 6
58 81 0
50 49 1
42 1 7
52 96 4
17 96 9
86 45 6
24 31 6
87 12 1
75 16 5
82 25 4
100 82 4
31 84 2
74 25 4
1 28 0
95 97 5
17 82 9
23 57 1
41 44 2
92 18 0
20 51 4
26 51 8
60 33 1
94 6 5
29 59 5
59 53 1
36 21 4
58 43 0
61 83 5
76 27 5
6 98 5
12 23 7
100 34 1
71 79 9
19 59 7
46 69 1
17 5 2
73 14 4
85 74 9
41 49 7
66 54 4
93 18 8
23 69 1
84 40 1
55 10 0
32 55 8
14 23 4
68 95 7
64 79 1
43 71 9
52 88 5
6 33 4
86 55 2
47 90 3
39 45 2
41 28 8
59 41 2
34 8 8
21 72 9
34 66 1
96 18 9
11 75 1
95 61 7
99 59 8
43 49 4
95 89 2
6 100 4
90 33 4
69 5 7
30 39 4
61 34 3
80 96 8
83 42 0
92 40 0
91 34 1
37 29 1
59 86 0
26 27 4
100 95 1
49 24 1
63 37 4
47 68 1
57 51 4
79 94 5
11 36 9
92 73 9
66 83 6
86 60 2
43 11 9
4 59 2
55 74 0
91 20 8
74 28 8
98 6 3
65 16 9
14 60 3
95 25 5
61 10 7
54 4 7
93 59 6
7 13 9
58 55 0
76 28 7
96 77 4
61 42 9
10 7 8
83 2 2
91 62 4
58 67 7
87 59 6
75 66 0
84 75 5
16 2 4
75 97 3
39 57 6
19 13 8
53 66 3
95 28 7
4 94 6
91 5 4
65 22 5
1 96 2
68 97 8
43 45 1
81 1 9
51 71 2
60 24 7
83 70 6
82 74 2
8 16 6
73 80 9
40 32 4
64 100 0
72 42 6
46 22 8
25 70 8
84 45 8
18 14 6
99 39 8
58 54 6
82 34 5
21 17 1
36 16 3
8 57 9
5 31 8
81 7 9
50 42 3
28 59 8
94 9 7
95 66 0
33 48 5
31 20 2
82 56 7
36 15 6
87 19 8
85 99 4
4 100 7
67 79 5
48 73 5
15 19 0
35 51 9
41 33 1
15 89 3
2 3 9
88 73 9
73 23 5
28 75 2
47 53 9
94 77 4
8 95 7
94 98 8
86 30 9
100 96 7
4 49 1
5 37 5
35 61 8
2 88 2
45 86 4
24 79 3
1 38 7
88 32 6
36 17 8
18 17 5
87 72 4
11 76 0
6 10 2
24 12 1
68 8 7
65 83 5
38 83 5
57 22 6
26 58 4
24 27 0
21 65 1
15 75 9
97 81 8
39 56 1
21 76 8
88 40 1
85 29 5
20 85 7
38 62 6
73 37 2
75 58 6
49 72 3
98 69 3
8 59 8
30 79 3
10 18 4
73 55 2
19 74 9
86 64 2
62 36 9
16 62 6
34 10 9
27 59 9
52 67 8
33 48 8
88 57 6
83 30 0
57 100 5
68 85 8
41 98 5
50 65 9
68 98 0
57 77 9
67 28 5
87 12 4
85 100 0
53 34 1
75 42 0
71 10 4
81 2 3
79 3 7
38 70 7
10 26 3
89 44 2
86 30 4
30 67 3
31 71 8
12 46 9
45 68 8
61 100 9
75 78 3
52 67 2
79 77 0
34 17 3
17 3 5
11 32 3
56 14 3
34 78 8
53 22 7
34 82 7
15 8 4
99 12 3
51 42 1
33 76 7
59 92 9
66 54 3
39 61 6
34 46 5
75 98 6
82 83 0
89 98 7
26 48 0
29 50 2
60 83 7
59 41 0
9 6 5
94 96 5
92 29 0
68 55 9
16 37 2
46 25 1
36 50 8
36 30 7
78 89 9
47 100 1
7 60 8
72 53 3
49 44 4
19 11 8
39 27 4
93 24 1
44 11 0
42 47 0
89 76 0
71 75 9
92 81 8
23 5 2
96 53 6
2 24 8
63 14 4
7 6 0
80 49 0
51 90 8
3 30 4
95 52 0
87 96 0
37 18 6
40 65 1
38 67 4
46 81 9
33 87 4
43 19 2
63 21 3
82 75 4
28 69 6
100 55 3
52 44 0
9 83 6
22 20 2
58 17 2
7 49 1
61 91 1
15 6 1
58 39 5
82 18 3
10 17 0
33 68 5
25 28 7
82 49 8
56 6 4
11 12 5
52 72 7
15 86 2
46 95 2
51 29 9
76 38 7
8 23 5
83 47 2
92 80 3
72 36 8
69 46 2
14 49 5
1 63 3
46 8 7
28 10 5
80 37 5
47 97 9
82 79 7
97 23 7
60 46 2
28 14 9
60 79 7
16 32 1
9 77 8
48 56 9
16 35 7
73 82 3
52 15 4
29 11 8
38 70 3
30 50 9
19 61 7
8 28 8
59 88 6
69 36 2
40 51 8
48 75 9
51 26 4
85 6 6
45 44 6
99 25 7
18 96 7
67 3 5
48 14 2
4 82 9
68 22 1
67 21 5
98 71 2
44 8 8
1 52 3
27 2 7
54 19 2
93 86 7
60 33 2
15 88 3
4 56 6
48 74 6
13 71 9
56 15 8
56 15 9
99 93 1
18 98 1
81 90 8
50 31 1
64 19 6
19 26 5
66 51 1
31 21 2
86 87 0
93 53 2
91 97 3
8 94 6
40 36 5
41 37 5
24 52 5
71 70 2
6 88 2
49 18 5
72 55 3
32 47 6
34 89 2
79 48 8
38 40 3
43 80 1
30 56 2
88 26 3
70 83 2
55 83 9
60 54 5
3 38 3
51 23 3
96 54 1
34 91 2
59 85 3
20 14 8
84 1 5
69 23 7
42 77 2
83 36 5
79 90 4
72 41 9
6 36 2
39 21 4
11 79 8
14 50 3
25 33 4
60 53 6
30 94 4
82 77 9
39 7 8
34 30 0
55 87 5
29 25 5
93 87 5
93 53 4
6 77 8
72 36 1
60 65 6
24 46 4
23 85 0
64 70 2
96 24 8
12 4 5
99 96 1
65 40 5
31 45 1
82 17 9
33 28 5
81 52 3
6 26 7
88 89 8
100 85 3
99 48 6
74 98 3
87 14 2
5 45 8
46 26 6
27 10 4
73 90 5
16 47 0
95 35 1
95 86 7
18 84 6
96 9 3
21 48 7
85 52 3
93 49 0
22 76 9
26 100 0
33 67 7
65 13 3
38 7 8
47 76 4
3 23 4
9 43 1
28 27 4
43 71 3
83 92 0
84 69 1
74 53 7
63 70 9
86 59 7
47 6 4
91 60 6
95 20 0
99 47 6
53 89 8
8 23 2
38 6 2
19 80 5
18 42 6
29 80 4
46 26 1
90 68 1
8 14 0
68 12 9
6 65 9
15 72 2
67 62 7
91 32 8
68 50 2
14 78 1
71 76 8
32 17 5
53 25 8
46 92 2
85 98 6
16 64 9
18 82 2
78 72 4
68 40 5
100 53 2
63 75 9
3 7 6
58 59 2
79 56 5
11 92 4
59 8 7
30 77 0
63 54 2
79 74 3
44 25 7
38 40 2
60 42 8
98 52 8
60 30 4
17 92 5
72 2 4
41 83 1
92 45 6
66 75 9
79 18 4
48 8 3
40 67 4
90 64 7
99 75 8
15 91 1
22 14 2
37 55 5
28 98 1
24 15 6
94 45 5
40 92 4
25 84 0
51 73 5
29 71 1
87 85 2
89 59 5
43 95 1
28 74 8
62 97 4
18 42 8
95 33 0
80 57 3
82 8 7
100 88 8
91 74 4
25 14 2
21 57 8
74 36 1
25 97 0
89 66 1
98 61 6
50 92 2
85 25 1
92 76 8
22 67 2
37 91 7
61 63 3
80 89 9
23 13 7
63 1 3
45 50 5
11 51 8
85 87 4
67 79 0
35 100 8
29 88 0
89 1 5
52 32 3
3 54 5
3 17 7
16 13 9
93 75 1
61 59 8
57 77 6
77 12 7
67 92 7
48 80 7
43 84 8
78 38 3
73 40 9
72 7 3
73 99 7
25 59 8
63 16 4
31 44 7
50 11 9
57 10 0
16 4 5
6 81 3
50 5 2
61 28 9
85 1 7
82 77 8
90 39 5
75 21 0
74 70 2
13 79 1
36 94 4
41 100 4
84 49 0
19 9 8
60 45 8
47 27 4
97 68 4
14 94 4
75 68 5
97 80 3
81 67 7
15 8 8
82 43 8
52 61 8
50 20 3
100 19 9
74 67 8
90 81 2
26 7 9
32 55 0
67 35 7
96 2 6
24 83 8
4 86 1
93 36 2
26 87 2
37 13 9
15 2 1
39 80 7
78 11 3
49 29 8
38 25 9
34 100 3
24 4 8
27 96 5
50 73 2
42 9 4
53 75 7
44 14 6
93 43 8
97 91 7
35 80 1
26 65 2
99 41 5
57 67 2
3 16 4
35 10 4
31 62 9
28 58 4
5 50 6
95 98 9
62 32 8
5 9 3
48 7 3
45 16 1
38 18 9
2 4 8
27 86 1
78 13 8
42 69 0
48 64 7
97 77 1
78 82 9
23 81 8
8 25 3
59 14 2
78 16 7
58 94 4
100 23 8
50 64 7
2 63 2
100 12 0
33 89 1
74 11 3
74 18 8
37 28 1
21 6 8
60 15 3
84 66 5
73 16 0
82 69 5
6 20 6
6 52 6
40 78 6
53 51 5
43 40 2
47 60 9
65 72 4
81 55 9
18 27 6
71 60 5
86 65 6
64 71 8
30 10 5
58 62 7
3 57 6
27 3 8
9 67 9
5 99 5
66 17 2
43 39 3
40 24 8
56 87 0
76 16 9
73 23 0
27 79 6
5 81 4
13 100 5
17 98 1
83 66 5
77 4 8
68 79 6
75 17 6
51 32 7
75 56 2
95 34 0
54 39 3
10 3 2
36 72 1
37 6 9
92 82 4
12 1 5
11 75 1
9 77 5
17 52 2
99 98 6
11 51 6
4 61 0
48 96 1
90 84 6
1 27 9
15 38 9
60 48 6
22 9 4
19 25 5
71 75 5
57 37 5
85 41 7
16 88 4
69 29 7
76 29 5
67 96 3
7 55 2
25 28 0
19 46 6
17 69 2
12 25 9
9 62 9
67 29 8
71 97 7
11 72 7
76 39 2
31 97 9
86 21 8
48 91 6
35 7 4
47 18 0
48 27 1
89 45 1
18 67 8
27 29 1
64 57 9
49 87 7
40 24 9
58 72 0
26 6 6
10 4 6
71 4 2
44 92 8
46 9 4
96 87 3
17 3 9
29 51 7
36 90 1
68 99 2
38 25 9
66 86 4
12 8 7
36 4 9
4 49 9
91 96 8
54 12 0
25 40 2
82 28 3
15 95 3
67 84 7
28 49 3
93 61 2
12 48 5
23 52 3
95 94 8
5 47 2
65 23 1
79 4 0
34 19 4
87 37 7
17 65 6
32 9 8
54 72 7
80 47 0
5 41 3
26 45 9
58 61 1
81 91 7
32 24 7
76 10 3
56 26 9
84 57 9
24 63 1
11 42 7
2 46 9
85 71 5
67 80 5
70 61 5
29 92 8
6 19 9
72 26 7
1 9 5
43 32 7
56 95 8
15 96 6
14 32 6
9 98 6
16 20 8
13 48 9
81 54 9
62 77 5
69 77 5
85 19 9
14 26 3
33 40 0
1 53 1
87 13 1
5 28 2
35 40 9
56 72 4
96 34 0
13 54 9
38 90 9
99 4 5
2 88 4
4 88 9
86 26 1
69 83 1
71 17 2
72 73 4
79 20 9
61 84 2
20 21 4
2 20 7
57 73 4
3 77 3
2 14 8
14 34 0
57 56 9
39 79 3
93 57 2
84 18 5
29 89 7
63 42 8
52 98 3
28 53 1
91 54 4
31 19 9
54 75 4
93 14 2
56 58 1
90 94 0
7 22 0
44 36 2
5 87 9
38 14 1
99 56 7
25 86 5
84 39 2
50 83 7
42 90 4
95 79 9
65 85 0
76 81 7
28 85 3
29 74 8
83 72 5
90 48 1
67 31 1
19 32 4
88 25 3
15 20 4
34 36 0
27 11 0
54 90 6
68 71 9
98 53 2
84 94 9
7 60 1
68 31 2
64 18 9
50 84 8
14 18 3
66 44 6
47 97 5
63 16 5
5 14 9
17 49 2
29 55 4
22 74 6
47 38 5
96 39 9
64 4 6
19 69 9
85 67 7
93 30 5
70 86 0
100 54 8
74 82 4
60 4 7
76 2 6
62 97 6
31 12 9
17 30 0
98 67 6
75 59 5
20 80 2
82 31 6
40 57 7
4 16 2
94 92 5
20 53 1
89 83 2
8 51 2
48 71 4
74 81 1
46 60 4
27 43 2
19 99 1
74 14 6
67 57 1
39 9 3
27 43 7
86 93 1
86 92 1
40 18 1
33 15 3
99 93 5
91 11 5
95 85 0
61 3 7
42 41 5
35 19 0
3 5 4
74 90 8
68 81 5
89 65 1
22 16 3
49 58 4
74 52 0
65 12 4
64 54 7
19 40 5
21 42 1
16 68 2
54 35 4
61 75 9
82 49 6
95 97 3
71 23 5
83 39 6
98 2 1
5 72 1
30 93 4
64 60 1
86 13 7
93 25 4
12 6 2
98 100 0
93 23 4
88 5 2
47 2 5
58 6 7
9 88 1
54 3 0
17 88 4
67 80 8
91 43 5
63 92 6
35 85 8
30 24 3
62 70 6
48 28 4
57 36 3
10 41 5
22 58 4
46 24 6
46 14 0
3 28 4
59 62 0
38 91 3
73 5 3
61 4 2
7 60 7
40 21 8
27 42 7
54 39 0
60 84 5
12 38 4
56 96 5
36 85 8
92 9 2
17 22 7
69 28 8
8 68 8
88 46 9
25 99 7
37 10 2
62 74 9
66 29 6
84 17 1
92 60 1
56 76 2
75 44 0
53 51 9
51 91 4
42 15 5
71 4 6
83 65 9
84 83 0
80 18 8
61 48 4
68 23 6
42 66 6
46 68 7
48 58 4
89 25 9
59 28 7
93 44 7
76 78 7
55 95 5
68 7 2
22 74 6
90 67 1
49 12 0
16 59 0
90 47 4
21 57 1
19 1 6
8 76 4
17 83 0
14 50 7
6 23 0
24 64 7
7 12 8
57 28 9
17 69 7
53 90 6
64 60 6
71 19 2
7 35 4
37 48 5
74 5 9
37 28 2
14 34 4
54 42 3
5 59 1
3 11 2
9 27 3
15 49 1
49 55 5
65 43 4
82 17 8
73 5 5
28 18 0
42 23 2
87 80 2
48 82 4
3 42 0
16 8 0
100 57 6
17 73 9
82 55 7
50 27 1
98 54 0
30 47 4
4 85 3
36 85 6
31 87 7
3 54 5
24 53 3
2 22 5
71 3 9
60 4 8
53 64 2
35 63 9
38 47 2
74 31 9
56 69 8
58 23 5
33 27 8
35 48 4
57 2 5
69 6 5
21 10 1
36 44 3
35 82 1
97 7 2
8 62 2
9 19 6
54 4 3
5 38 2
29 46 4
36 14 1
54 35 2
35 70 6
78 56 9
19 4 5
43 64 6
36 72 6
2 77 9
47 81 6
92 61 4
38 97 7
41 50 3
53 84 4
61 13 9
50 83 3
45 26 6
1 13 9
80 66 5
9 13 6
76 4 8
40 41 4
69 81 5
33 85 0
69 46 2
9 95 7
4 92 2
62 44 6
91 23 1
48 32 5
86 59 0
85 50 2
31 18 4
27 2 9
9 23 4
52 31 0
29 86 1
83 47 5
1 89 7
32 36 0
28 74 8
78 58 7
73 40 7
47 66 0
6 27 2
62 30 4
13 58 9
54 92 5
91 92 5
51 75 3
41 54 6
42 84 5
91 56 4
58 2 2
31 8 8
73 69 7
50 81 6
59 87 7
67 77 0
62 79 4
45 20 0
53 13 3
18 3 8
23 13 9
1000
2 4
4 6
6 7
1 5
9 9
5 6
4 8
4 8
4 7
4 4
4 5
6 7
4 9
0 7
4 8
4 7
5 8
4 8
1 4
2 4
0 0
1 8
4 5
1 8
2 4
7 7
4 9
5 8
0 7
8 8
1 5
4 9
2 4
5 7
5 9
3 7
4 9
5 5
2 5
4 9
6 9
1 8
2 6
2 9
3 9
2 6
4 6
5 8
1 2
7 7
0 0
2 4
1 5
7 9
6 8
3 6
4 5
6 7
3 7
2 8
4 6
2 5
2 3
3 5
0 5
5 8
1 1
0 8
3 9
1 7
2 8
5 9
6 6
1 4
5 6
2 4
1 7
6 6
1 9
1 7
2 8
5 5
0 7
5 5
2 8
6 8
4 6
2 3
4 8
1 6
6 8
5 7
2 5
5 8
3 9
5 7
2 7
2 7
1 7
2 4
1 1
0 7
6 9
0 3
6 6
2 6
2 4
0 1
6 7
1 9
6 7
4 9
1 3
3 5
3 8
4 7
1 7
0 2
4 5
1 5
1 2
4 8
3 6
9 9
0 3
0 1
2 9
3 4
5 9
8 8
5 7
5 8
4 9
0 0
5 5
1 7
5 9
2 5
1 6
4 7
7 8
0 7
3 9
3 6
2 3
2 7
0 4
2 4
3 3
0 6
0 0
7 9
4 5
4 9
2 8
2 6
5 7
4 8
8 9
2 4
2 3
2 4
7 9
2 9
2 7
2 4
1 7
4 5
7 8
1 4
2 8
6 7
0 9
5 9
0 1
1 4
7 8
4 7
7 8
1 9
3 5
3 5
5 9
0 4
6 9
6 9
2 8
8 9
2 5
4 8
7 9
6 9
8 9
0 6
1 6
3 9
5 5
2 8
6 8
6 8
2 4
4 9
6 8
1 3
3 3
2 5
3 4
4 8
1 4
0 3
2 2
6 9
4 7
1 4
5 8
4 9
2 3
1 4
1 9
2 7
3 9
8 9
4 8
0 2
1 5
1 3
0 9
3 7
5 6
0 3
4 7
0 9
1 6
0 4
4 5
0 1
3 3
0 9
3 5
0 4
0 1
0 7
2 2
0 7
5 9
5 8
3 8
4 6
6 6
2 3
0 6
4 4
6 9
2 3
1 3
4 6
5 6
6 8
0 6
1 8
2 6
6 7
3 6
2 5
1 7
2 7
3 3
2 8
0 3
1 6
4 7
5 5
2 2
2 6
0 4
4 5
0 1
1 6
6 6
0 8
6 7
2 9
1 2
3 4
0 5
2 4
2 5
0 7
6 6
1 6
0 6
0 1
4 9
8 8
0 3
8 9
0 7
0 8
2 4
3 9
0 5
2 4
2 4
8 9
0 2
0 6
8 9
2 9
2 4
7 7
2 5
6 9
6 7
1 2
1 7
1 6
5 7
1 8
1 9
1 1
1 8
1 3
7 7
0 3
0 9
0 1
5 8
2 5
4 5
6 6
4 9
1 4
2 6
5 7
1 6
0 4
5 6
6 7
2 7
3 9
2 9
6 7
2 9
2 9
0 5
7 9
1 2
3 8
5 8
8 8
0 6
2 5
6 9
0 1
2 9
6 8
2 4
5 9
1 9
8 9
2 6
0 4
3 9
4 5
2 3
2 3
5 8
1 7
0 7
3 6
2 9
7 9
2 4
5 8
6 8
4 8
6 7
2 6
0 6
1 6
1 6
6 8
4 7
4 9
4 7
2 9
4 9
0 8
6 8
2 5
2 9
2 5
4 9
1 1
2 4
5 7
3 7
1 7
2 6
1 3
6 7
3 5
5 7
1 3
6 8
5 7
0 9
0 1
4 5
0 3
2 8
1 5
0 9
1 6
1 4
0 2
0 7
3 8
4 6
2 3
1 5
7 9
0 0
8 9
2 6
6 8
3 6
0 6
1 4
5 8
7 7
0 8
4 6
0 2
2 3
5 9
4 6
7 9
6 8
2 7
2 5
8 9
0 9
7 7
2 2
1 5
1 5
1 7
1 9
2 9
6 7
3 3
0 1
2 9
0 1
2 2
3 8
1 1
4 8
8 8
2 3
3 9
0 3
0 2
1 6
3 4
7 8
1 9
0 3
0 0
4 5
3 5
6 9
4 5
2 6
0 3
5 7
3 8
5 8
0 6
6 8
0 8
5 9
7 9
2 4
8 9
3 8
0 5
1 9
5 9
1 4
3 9
4 8
3 6
5 9
2 7
1 4
6 9
5 7
0 6
1 6
1 2
1 6
2 2
8 9
2 3
0 2
7 8
1 8
6 7
1 6
0 7
5 7
1 5
4 7
5 6
6 8
0 7
4 5
0 3
3 5
6 7
0 6
6 8
3 9
6 8
5 6
3 8
0 1
4 8
0 5
2 6
2 6
1 4
6 6
2 6
1 5
1 8
1 4
1 2
0 9
5 9
5 9
1 5
1 2
1 2
4 9
5 9
3 8
7 8
6 9
2 9
1 9
4 6
3 8
3 7
8 8
0 3
3 9
0 1
1 5
4 6
5 7
1 8
8 9
7 9
6 7
3 8
7 9
0 4
4 7
5 5
4 8
0 4
1 2
6 7
3 6
3 4
5 8
3 8
0 6
3 9
3 8
3 5
0 2
2 8
4 5
8 9
0 3
4 5
2 2
0 3
5 8
4 6
5 9
2 6
0 6
0 7
3 9
3 6
3 6
5 7
1 5
5 7
2 7
1 2
6 7
2 3
7 8
3 9
6 7
7 9
4 6
0 5
8 9
2 8
4 6
1 5
3 9
2 2
3 4
3 9
2 7
1 2
4 7
4 5
2 3
6 6
0 8
1 9
1 6
0 2
3 9
2 8
0 4
6 7
2 5
6 9
1 9
0 7
5 7
4 7
0 2
0 5
1 8
0 7
4 9
0 9
8 9
3 4
0 8
3 5
2 4
3 6
3 9
0 2
6 8
7 8
1 4
4 9
1 2
1 1
3 5
2 4
1 8
0 2
0 4
4 9
6 6
1 9
2 7
1 3
0 2
1 3
2 4
6 9
1 3
0 9
4 6
0 7
2 9
2 4
3 3
0 1
1 9
2 8
3 3
3 6
5 7
1 9
1 9
5 7
4 7
0 7
1 4
0 5
4 4
1 9
1 8
1 9
0 5
0 4
1 3
0 6
0 1
2 8
2 5
6 7
2 4
5 9
1 9
2 5
3 6
4 4
4 7
5 7
3 5
1 6
1 3
1 2
0 6
3 9
2 8
2 7
6 7
8 8
2 8
4 5
1 8
0 2
7 9
1 4
2 5
0 6
4 7
4 9
3 7
3 5
2 7
6 7
1 7
6 9
1 2
0 5
5 7
4 4
6 6
0 1
0 2
8 9
6 9
2 5
4 7
0 1
8 9
2 8
4 7
3 9
8 8
3 9
6 7
4 9
2 9
2 7
3 7
0 9
2 6
0 5
1 7
1 3
1 7
5 5
8 9
6 8
8 9
1 7
0 4
3 6
0 1
0 4
1 7
5 5
2 5
7 7
0 1
0 9
4 5
4 6
3 4
2 6
1 3
3 5
5 8
3 8
3 8
4 8
2 6
2 3
1 4
1 6
1 4
8 8
4 8
5 5
7 7
0 1
3 6
0 7
0 4
4 9
5 6
2 2
7 8
4 6
1 7
0 5
0 0
5 9
0 5
2 4
0 7
3 3
0 3
3 9
3 4
3 9
0 8
1 9
8 8
3 9
6 7
6 8
1 6
1 9
4 5
6 6
2 9
7 9
1 4
6 6
1 1
1 7
1 1
0 9
1 6
8 8
2 6
6 8
0 5
2 4
0 8
0 4
1 7
0 1
7 9
8 9
3 6
1 6
4 7
6 8
0 6
2 7
3 5
2 3
3 4
5 9
1 2
0 1
3 4
1 4
3 5
0 2
3 9
6 9
2 7
7 9
1 6
3 4
2 6
7 9
0 2
2 5
1 4
7 8
0 2
7 8
0 7
7 7
3 6
5 6
5 8
5 9
2 8
5 6
6 6
3 9
6 7
6 9
2 4
4 6
6 7
1 4
8 9
3 5
1 1
0 9
5 9
0 1
5 6
2 7
1 2
1 9
7 9
3 8
4 6
3 7
3 8
2 7
3 6
0 7
6 9
1 5
2 7
3 6
5 9
1 7
1 7
0 9
1 8
2 4
0 7
0 7
0 7
2 9
0 1
1 6
2 3
0 4
2 6
3 6
0 8
7 7
1 9
2 8
0 1
0 8
3 6
0 5
3 5
3 4
7 8
1 1
0 7
1 8
0 6
0 4
3 9
2 9
5 8
5 6
1 5
4 5
1 8
1 4
3 6
3 9
2 3
5 5
0 8
0 4
0 5
0 6
4 9
8 9
7 9
0 6
2 4
4 5
2 8
1 7
0 4
0 9
4 7
4 7
3 6
3 6
3 6
7 9
8 9
7 8
5 6
0 8
4 9
3 7
2 8
2 8
0 2
0 5
0 9
1 8
