1000 1000
()()(())()(())(()(())(((((()()(())((()(()((((()()(()(((((((())((()())))(()))))()(((()())(((()(()()(())((())()((()()))))(((())(())()))))())))))())()()(()()(())(())()(((((())((()((()(()))))())))(())()(()((((())(()))())))((()(()(()(())()()((()))))))))()((()()()))()))(())()(()()(())(())((()(())())(())(()())))()))))(()()))(()(())(()((((())))((((())(())))(()))))()))()())())))()))(((((((((())()))(())(((())((())((()))((((()()()()(())()))())))(()((()()))))())(())()))))((((())()(((()()((())))((((()(()(())()()))()))(()(()(()(((((()())(()))()()))))()(()())))(()())())()(()((((()((())((()()))())()()(()))))((()(()()((()))(()(()()))()((()((((()))))(()()()()()))()()()())))())()(()))))())((()()(((())))))))(()(()((()(()()())))((())(()())((())()))))((((()(((()()())(((()(())()(((()(()()))()()(()))(())(()())())()))())()(()()()())))(())((((((())(()()()))()(())))(()()()))())(()(()))())(())(()((((())()()))))((()(()(()((()()())(())((())))(()))))(()))((()))())()))((((((()(()(((())))()))))((()((()()(())))))))))))
307
889
526
389
624
633
347
591
769
885
648
865
373
70
460
981
133
238
636
85
163
861
188
744
164
334
870
350
587
255
339
670
654
455
874
437
460
711
922
162
437
562
142
687
830
230
645
748
510
382
468
869
712
509
817
725
743
174
208
385
37
391
352
464
64
688
704
623
86
960
464
804
452
980
572
291
33
961
670
868
180
196
609
228
163
477
574
693
343
5
573
30
401
173
152
69
778
57
131
862
933
714
350
523
450
66
427
273
706
1000
486
167
750
914
116
829
315
624
994
847
774
11
350
664
427
931
217
366
727
563
823
400
598
675
690
456
260
851
70
350
178
305
722
908
390
175
748
321
990
342
745
220
699
419
158
887
939
898
835
91
258
931
887
9
223
862
477
188
920
3
623
325
12
229
664
958
379
206
800
861
692
359
378
168
781
866
918
949
411
297
632
680
602
644
626
701
1
851
453
419
317
479
567
123
294
850
634
862
264
9
44
865
582
715
177
628
746
326
17
365
442
988
809
201
464
469
838
58
260
245
438
926
688
879
964
622
900
618
643
914
765
178
827
116
164
64
38
593
963
818
619
171
9
359
439
226
49
338
376
509
505
761
11
526
972
811
520
93
704
630
367
564
92
527
244
9
95
138
223
24
171
72
194
969
564
178
802
411
593
907
439
837
173
695
366
105
469
136
256
752
183
888
961
1
859
52
111
912
806
151
451
897
335
602
949
67
858
171
490
354
872
325
435
721
238
56
224
727
978
410
425
326
405
393
791
592
896
658
345
139
234
263
162
8
979
475
5
736
733
584
909
635
207
756
5
872
38
280
973
571
1
502
102
621
38
409
195
759
503
366
410
427
412
742
522
162
659
160
772
885
559
366
992
159
339
693
334
977
808
720
459
635
743
462
770
323
783
65
531
704
59
936
115
356
446
335
66
413
7
344
538
412
677
296
874
993
512
744
846
483
997
813
660
422
431
12
137
840
246
367
822
134
720
841
810
229
390
606
117
88
995
977
106
852
165
688
132
451
690
638
345
241
436
395
915
393
65
515
779
325
347
872
293
777
962
336
900
546
37
737
590
395
877
859
329
618
716
450
157
258
512
333
223
811
52
180
1000
712
645
975
806
139
503
203
982
769
225
542
282
491
737
545
394
79
876
984
972
640
779
262
416
58
793
855
63
984
167
462
767
997
222
202
759
339
530
174
838
655
589
440
634
978
555
563
571
520
805
234
757
655
213
548
463
164
434
771
250
487
790
919
25
286
222
817
691
727
297
506
241
857
746
243
844
910
623
782
912
647
577
632
509
259
9
215
231
432
66
54
399
434
841
853
808
436
462
8
79
904
662
745
421
695
47
535
131
234
229
285
782
689
994
191
296
301
533
489
275
146
988
635
205
135
39
85
549
31
612
984
611
832
887
339
197
987
222
147
731
358
879
527
550
834
527
916
746
893
942
991
797
570
646
859
18
692
795
739
348
835
478
951
93
281
296
553
555
629
755
9
661
348
657
75
969
856
956
128
866
884
772
211
735
879
492
689
603
905
248
653
874
672
633
436
330
446
781
423
839
120
844
112
156
255
473
12
608
806
24
290
376
890
999
579
656
340
270
596
11
152
263
314
320
534
975
994
33
278
60
978
940
336
456
266
315
783
407
796
666
530
683
16
649
413
114
195
690
260
139
848
146
8
506
934
364
703
198
944
162
103
549
292
918
709
897
238
372
828
424
855
810
811
563
816
484
209
568
609
699
240
894
866
360
507
621
796
487
398
312
93
667
585
102
440
109
373
594
235
539
504
783
141
510
546
894
705
30
922
110
594
447
909
721
873
369
965
403
675
737
151
12
8
293
765
57
565
166
351
31
652
204
285
579
850
306
718
237
611
544
339
732
132
465
24
918
232
30
690
588
871
714
71
485
24
573
748
760
170
289
771
476
115
49
463
214
23
722
58
399
454
312
840
523
233
498
685
716
13
420
971
710
901
378
274
409
83
442
609
389
232
104
696
530
429
211
828
90
496
121
660
55
991
786
973
110
499
38
733
844
8
485
190
258
753
985
843
910
54
688
489
203
143
730
72
91
766
690
545
688
8
648
714
15
968
671
851
68
248
961
809
699
244
960
557
929
921
795
141
904
163
437
823
49
584
949
309
344
891
763
633
224
813
114
688
742
597
573
133
207
614
781
111
267
730
627
51
145
927
44
102
831
924
273
783
280
193
700
577
239
813
413
313
617
457
227
384
714
894
791
385
807
514
439
381
944
591
938
942
690
396
839
910
