2000
36 34
31 7
15 26
1 9
40 25
11 37
10 3
24 8
30 39
1 7
41 28
26 14
1 39
32 18
5 39
8 8
9 43
39 14
5 26
24 28
3 31
19 8
22 8
34 36
27 19
40 12
18 12
9 37
28 7
11 21
26 35
19 11
41 36
42 7
28 42
11 11
6 17
38 23
16 4
39 41
15 16
36 11
11 35
10 29
31 30
10 20
17 35
14 24
17 21
28 31
10 1
45 30
31 19
7 10
9 31
44 13
30 40
43 26
33 41
44 31
40 16
32 11
41 30
13 4
38 22
33 33
27 10
19 13
14 36
45 25
40 36
18 35
25 42
9 36
3 9
9 21
20 43
26 30
43 27
31 2
19 38
23 8
44 44
33 5
13 37
1 43
20 35
20 8
5 6
20 9
24 16
9 14
38 18
37 39
3 23
27 2
9 28
28 27
26 25
31 11
28 39
34 42
23 28
36 24
39 26
35 44
28 14
29 36
19 3
29 12
26 39
28 11
8 42
29 8
6 3
19 16
23 45
44 12
45 39
24 4
33 43
15 7
14 29
6 35
31 9
44 39
10 39
45 38
14 38
10 14
25 5
44 38
35 39
35 24
12 16
20 29
20 38
45 7
33 26
42 11
22 44
7 15
19 20
12 44
36 23
15 42
34 21
6 36
3 11
37 42
33 3
25 7
21 36
43 42
31 21
34 1
11 7
33 22
36 14
45 4
11 8
13 39
39 29
4 42
16 31
7 21
9 19
20 36
28 2
9 32
11 18
16 22
9 12
1 25
6 4
39 1
29 32
21 34
23 10
3 20
40 32
42 36
10 45
14 19
18 2
4 32
7 9
15 32
18 13
39 10
35 14
45 34
28 16
12 35
38 45
28 30
17 39
15 44
14 20
37 3
18 33
31 37
21 11
45 21
21 17
31 15
24 25
26 40
13 29
39 42
33 28
5 12
41 45
37 41
17 2
41 35
6 37
45 26
18 5
22 15
22 18
25 43
44 42
33 14
19 30
10 33
42 2
38 11
19 5
35 7
30 3
7 16
19 14
5 34
19 9
1 21
5 17
27 32
10 6
25 18
14 3
9 20
22 3
32 24
20 22
17 15
40 13
5 2
4 12
21 41
21 35
24 40
11 2
45 6
38 3
28 33
1 44
2 35
37 13
14 25
8 7
41 39
1 28
32 9
9 23
45 3
4 28
14 6
10 13
23 38
24 26
17 13
44 19
13 19
32 32
10 23
39 20
41 24
41 44
13 25
45 5
16 37
6 21
29 13
7 13
43 22
34 41
33 34
43 21
39 43
33 30
32 34
32 5
43 45
24 2
29 40
39 36
3 28
8 40
21 19
37 43
30 9
18 9
24 31
17 6
10 43
2 22
4 17
16 34
14 13
24 41
7 6
41 15
21 10
32 42
12 42
9 3
6 32
6 7
19 31
40 45
14 31
6 45
40 27
35 30
15 38
29 33
28 22
32 12
18 10
29 4
24 3
36 1
31 45
17 17
2 15
16 29
26 26
34 20
45 28
25 3
43 7
12 34
39 2
11 39
31 12
38 4
20 26
29 28
33 24
32 38
4 25
40 8
20 32
44 43
15 6
29 7
38 6
45 14
26 41
23 14
14 30
30 15
20 1
28 9
11 38
16 17
27 38
10 26
9 17
26 20
44 20
17 29
40 26
33 35
11 27
35 21
18 43
33 45
24 18
41 3
38 30
4 43
15 11
26 43
43 9
20 27
43 4
17 5
21 3
2 21
16 15
23 30
19 41
37 45
16 7
4 1
16 39
41 16
42 5
41 19
24 36
6 8
31 13
14 7
23 37
27 40
6 26
9 8
39 28
3 12
29 2
3 22
11 26
1 27
18 23
25 2
21 15
10 8
24 9
45 27
34 29
24 42
14 14
19 12
7 29
21 26
22 21
23 35
20 25
23 5
13 10
2 23
17 22
43 34
20 20
21 16
10 40
13 33
39 33
32 33
38 5
16 1
24 14
41 9
34 12
8 11
42 31
21 2
22 35
23 25
26 34
5 43
17 11
43 30
7 40
37 21
34 34
17 14
7 5
40 2
16 33
34 25
23 19
7 11
11 13
9 45
18 38
5 4
12 28
32 6
32 40
39 35
27 17
7 23
26 42
5 33
3 4
37 26
30 2
12 40
30 6
40 41
35 34
23 29
30 29
14 32
21 14
23 36
37 36
14 10
15 19
19 37
2 7
27 13
17 41
27 35
37 15
30 42
7 4
24 13
29 14
9 10
2 8
21 18
14 41
38 35
22 17
10 24
8 31
34 38
18 44
3 37
20 13
42 24
41 21
29 5
21 1
33 29
24 35
36 27
2 40
4 37
35 26
20 41
30 23
15 17
22 37
32 14
8 20
30 14
17 25
16 6
22 34
22 41
32 28
18 6
12 45
10 21
25 35
43 37
25 37
43 14
26 15
42 44
8 14
9 35
21 23
42 28
35 19
40 9
28 28
7 22
33 38
13 17
37 38
39 9
7 35
22 12
9 44
5 40
7 37
11 15
12 6
41 13
19 27
9 24
4 35
6 39
31 5
10 22
24 17
3 39
5 1
12 19
15 9
2 6
42 9
37 8
40 7
22 23
26 44
37 31
42 18
13 22
9 39
27 16
42 32
30 32
1 18
3 32
5 36
24 32
45 12
22 38
12 38
23 20
26 29
7 26
2 38
44 32
5 21
8 3
39 19
36 6
1 15
25 16
38 37
7 38
32 41
22 25
44 6
28 4
40 28
20 15
4 26
13 8
25 33
33 21
20 40
25 26
5 9
5 19
29 25
29 15
42 29
16 24
29 3
32 26
32 19
23 23
13 35
6 38
11 44
45 32
8 26
9 42
41 10
35 10
44 7
21 21
30 38
3 15
35 42
27 7
24 34
7 7
22 6
3 45
33 39
41 22
6 18
25 45
24 39
8 12
2 14
2 44
8 25
1 10
44 24
29 23
30 24
8 39
36 26
30 20
24 23
13 30
23 2
14 45
21 7
24 1
22 5
45 31
5 27
33 27
28 24
28 35
30 1
15 12
36 42
4 10
19 35
23 6
6 24
1 32
12 8
19 19
16 20
20 31
43 19
21 40
37 4
44 34
37 20
13 26
12 43
33 18
26 11
14 22
13 34
32 35
4 14
27 37
19 6
12 21
34 10
14 21
17 27
31 26
4 22
10 12
45 17
16 18
44 33
42 30
1 37
32 3
19 44
33 9
3 7
43 15
23 9
16 16
18 15
36 43
18 14
30 18
32 36
44 27
40 22
25 30
36 41
11 34
38 41
25 15
4 27
31 27
34 17
44 23
41 33
13 20
24 21
6 14
33 6
31 4
24 12
9 41
5 25
12 37
20 10
12 11
17 12
13 38
4 21
42 21
1 14
9 9
4 18
15 3
11 41
37 37
30 17
13 24
43 2
45 36
39 15
16 8
23 13
14 28
43 36
32 2
28 37
33 1
41 29
22 2
8 6
22 42
31 36
40 18
36 21
33 19
29 43
37 2
21 33
32 25
20 45
36 32
27 15
32 39
33 15
18 32
1 34
25 34
26 21
14 11
13 3
37 33
36 44
19 21
36 28
28 25
30 19
30 26
4 39
14 35
27 23
27 26
44 41
45 19
33 20
6 42
11 16
41 5
42 27
31 23
6 41
42 1
4 8
11 40
36 12
27 30
11 36
34 16
14 17
2 27
32 21
27 44
31 22
39 24
36 35
2 29
8 18
2 28
37 35
32 30
31 28
10 25
8 23
2 26
35 9
19 17
41 17
10 42
30 41
12 27
38 20
18 41
45 42
21 6
24 44
4 19
4 23
1 8
17 37
30 28
17 43
43 40
8 35
1 23
11 29
41 6
31 31
29 31
19 24
29 19
18 40
44 3
1 13
27 6
15 5
15 34
45 40
19 36
7 12
35 6
40 29
14 33
34 18
6 30
25 17
15 35
35 15
34 22
16 40
25 39
26 37
27 42
39 44
22 33
14 5
3 43
41 27
31 8
13 41
44 15
27 36
32 7
35 37
23 40
16 44
33 12
18 36
45 1
7 42
26 23
35 4
26 7
29 24
38 28
41 26
7 25
40 1
44 26
30 27
43 17
42 41
38 2
22 7
15 40
5 29
3 27
32 10
25 41
9 38
22 11
13 44
35 17
35 36
11 12
15 29
34 19
13 21
38 21
13 5
1 35
5 22
3 40
23 17
24 19
22 39
35 11
28 45
14 16
33 32
12 2
8 30
20 14
4 38
36 31
7 1
19 33
35 27
27 14
28 3
16 30
24 20
23 3
38 38
3 6
45 20
10 35
38 25
32 1
5 13
45 13
28 20
33 37
9 29
10 38
25 9
8 22
2 39
5 24
2 9
14 43
20 21
26 3
17 26
14 44
29 9
19 40
41 18
32 4
3 21
21 8
12 13
6 19
35 3
12 30
12 33
3 19
38 13
17 31
22 27
36 16
24 29
17 4
41 2
21 43
36 39
31 18
25 38
5 45
8 33
41 32
44 36
2 13
42 40
33 17
36 19
9 18
31 25
42 38
4 3
25 32
36 45
1 36
28 12
14 34
10 34
44 18
39 7
16 32
31 1
38 9
10 18
15 37
18 27
23 26
4 30
40 15
9 33
23 31
20 19
34 4
1 26
29 16
5 10
24 24
22 36
11 17
15 30
2 36
7 34
12 5
17 45
37 14
27 27
9 15
31 40
19 34
26 45
18 34
6 15
19 7
28 17
35 8
8 27
8 1
12 14
30 36
25 13
8 10
35 20
20 4
17 42
12 23
3 5
38 24
12 7
12 26
10 11
38 15
33 8
25 6
45 44
45 24
33 4
22 20
30 7
45 43
44 35
41 4
27 28
4 7
30 10
37 9
1 12
40 23
37 24
42 20
39 32
39 16
42 4
37 22
37 11
20 16
9 5
1 19
43 5
29 21
26 18
13 18
24 5
12 15
16 19
16 21
35 38
6 22
25 22
11 42
24 27
38 26
1 33
18 16
13 2
6 29
12 20
18 45
33 40
22 22
41 23
15 22
44 10
34 2
43 13
19 22
3 13
8 45
39 25
29 1
27 25
18 3
27 41
42 45
33 10
1 45
21 12
25 21
44 40
2 18
6 11
42 15
25 14
43 23
1 3
19 45
4 33
6 2
18 17
4 20
43 35
42 8
8 9
4 31
4 6
35 35
35 22
35 45
15 41
20 11
3 44
25 24
32 27
14 15
42 13
15 18
34 40
34 26
22 40
42 35
1 5
26 2
37 10
3 26
2 33
12 25
34 8
39 3
22 13
15 8
8 29
43 41
29 10
11 19
18 18
31 3
28 23
4 11
15 36
42 25
16 42
1 41
43 44
30 31
40 6
9 13
26 13
5 31
25 19
42 6
39 23
9 11
3 41
23 4
38 32
7 8
30 22
20 30
35 43
10 27
24 30
18 29
40 19
45 41
11 25
15 23
39 34
5 30
40 10
30 45
13 14
11 22
40 20
13 7
3 38
28 15
10 10
8 32
8 44
20 42
2 20
19 23
22 19
4 36
36 2
42 23
44 30
40 17
31 24
16 28
5 7
15 10
33 11
15 24
34 33
15 1
30 16
36 37
10 32
44 9
17 19
12 22
40 33
22 10
45 22
17 30
24 38
26 10
5 8
41 41
11 33
26 31
42 10
10 28
7 27
18 4
38 36
31 32
36 38
22 4
15 25
14 37
22 45
26 4
42 17
6 12
38 19
7 32
33 23
39 27
20 12
32 20
36 36
20 28
5 16
1 30
29 34
13 32
1 1
1 22
31 35
33 25
3 18
42 26
16 41
30 4
41 34
3 10
21 13
36 25
18 8
12 4
37 40
18 42
45 18
13 1
2 16
6 27
40 5
33 36
16 25
43 25
34 32
38 40
4 34
16 5
7 45
42 22
28 18
7 17
23 32
14 39
33 16
34 44
16 14
15 43
22 24
38 34
10 7
10 16
17 34
18 22
38 16
9 7
11 4
14 18
43 31
8 19
17 23
41 7
37 32
24 37
44 29
23 12
4 5
30 34
39 45
7 39
43 29
28 19
25 36
29 6
2 1
43 43
18 25
34 11
15 15
4 16
30 11
38 8
9 27
40 4
24 15
36 20
34 14
15 33
24 45
38 17
39 38
29 11
2 31
14 26
25 8
26 12
17 9
37 5
44 4
22 1
39 11
14 23
6 16
29 20
23 42
25 27
30 33
8 41
21 25
40 21
29 42
44 25
8 36
29 44
1 40
3 33
43 8
23 44
5 44
41 14
35 18
39 21
9 6
6 31
21 24
13 45
36 3
4 9
4 29
31 38
7 2
13 11
31 29
33 44
14 12
43 20
3 29
40 38
36 10
32 15
35 5
42 19
25 28
16 35
23 22
3 24
27 11
8 28
30 43
35 41
33 13
39 17
3 35
15 31
41 38
34 15
17 8
43 1
7 33
29 35
30 30
15 27
16 43
45 35
33 42
17 36
11 23
43 39
5 32
1 42
15 13
8 37
9 4
6 28
30 35
19 1
27 4
25 31
39 18
26 6
26 22
17 10
21 44
3 34
34 6
7 28
42 39
21 42
12 31
7 31
6 1
32 31
32 45
17 32
41 43
27 18
5 18
12 29
27 3
19 4
39 4
31 16
2 10
20 39
1 29
38 29
11 14
21 9
5 11
12 32
23 27
26 17
40 24
25 40
45 2
25 11
25 20
14 40
26 19
22 32
1 20
21 29
17 24
37 17
39 5
10 15
30 12
34 39
8 5
20 18
19 2
19 18
45 11
13 31
44 8
2 42
18 11
12 18
32 29
38 10
35 16
19 26
41 37
29 45
45 15
33 31
43 18
8 38
31 17
43 6
17 3
34 27
37 19
36 17
16 12
11 9
39 40
17 44
7 14
26 38
44 11
6 33
23 1
16 23
34 7
32 43
13 12
45 23
19 29
12 17
26 27
1 2
19 39
17 38
11 31
25 4
30 44
27 12
11 1
7 18
5 5
24 7
28 10
42 16
41 11
11 6
1 31
31 14
1 16
22 30
25 29
45 45
37 30
9 1
9 16
19 43
2 37
20 6
21 37
38 42
34 24
5 38
24 43
19 10
3 8
13 36
3 2
18 24
24 33
44 28
41 8
39 8
43 32
8 13
20 2
20 37
6 34
3 25
10 41
28 29
29 26
6 20
31 42
1 38
42 14
22 26
8 4
22 28
9 26
20 44
32 16
11 43
16 10
41 31
8 43
9 2
18 37
12 41
5 35
18 1
1 4
34 37
6 40
18 39
13 9
27 21
19 28
42 34
43 38
29 30
14 27
8 2
45 10
35 33
30 5
44 14
42 42
17 40
26 8
34 23
32 44
37 6
6 44
37 34
5 15
39 22
8 16
2 12
36 8
44 22
6 13
11 28
19 42
30 8
31 10
10 9
4 4
39 30
25 12
26 36
40 14
35 40
16 13
40 40
2 30
17 28
26 16
40 35
16 27
39 6
42 3
40 3
2 34
24 22
28 8
7 43
11 10
3 42
25 23
11 24
38 14
16 11
36 7
26 1
12 1
10 31
35 12
13 6
18 19
16 38
27 22
8 15
43 28
32 8
9 25
20 33
28 13
21 32
36 15
40 42
22 29
28 5
10 5
10 19
43 12
27 1
22 9
8 34
27 31
29 29
26 24
20 23
2 41
31 39
24 11
40 30
41 40
41 20
9 34
12 9
26 32
28 1
2 25
30 13
35 28
27 39
14 1
6 25
12 3
29 17
21 30
19 25
4 44
13 43
36 22
24 10
3 14
39 31
44 1
23 18
34 43
18 28
45 9
28 38
17 20
34 30
37 29
18 30
35 31
45 37
23 15
20 7
13 13
18 20
34 9
44 16
45 8
10 30
27 24
2 32
13 28
34 28
28 21
23 33
40 43
7 19
44 5
39 12
18 21
31 34
30 25
38 39
25 10
29 22
42 37
14 2
31 6
4 40
26 9
6 23
17 18
27 29
4 2
11 3
2 24
37 44
28 40
25 44
38 33
21 45
1 24
13 40
28 6
36 40
18 31
6 6
29 38
40 39
40 31
36 18
32 17
23 16
5 42
10 4
7 20
28 44
35 29
4 15
21 31
44 17
31 44
2 5
3 36
25 25
13 15
2 43
15 2
39 37
9 40
42 12
11 30
27 33
11 32
38 12
10 44
44 37
37 18
28 41
10 2
15 28
5 14
35 32
38 1
37 28
16 9
28 32
41 25
14 42
15 39
14 8
2 2
3 30
25 1
41 1
43 10
2 45
18 26
10 36
21 28
10 17
3 17
2 19
37 1
7 41
36 33
7 44
19 15
22 16
8 24
2 11
4 45
27 9
36 29
40 11
23 7
22 43
37 23
20 3
20 5
45 16
15 14
5 41
15 20
39 39
26 33
36 4
6 5
37 25
14 9
40 34
17 16
31 33
22 14
35 25
23 34
32 37
29 18
20 17
2 17
8 17
12 12
33 7
12 24
35 23
28 43
34 31
5 37
28 34
12 39
32 22
35 2
13 42
16 36
17 7
36 9
38 7
3 1
42 43
1 17
37 12
29 39
37 27
32 13
7 3
23 41
34 45
13 23
42 33
6 9
15 45
30 21
13 27
38 43
17 33
43 24
45 29
21 4
41 12
21 38
27 20
16 45
23 21
8 21
38 31
36 13
35 1
15 4
27 45
33 2
10 37
29 37
36 30
2 3
2 4
38 27
28 26
43 11
40 44
9 30
40 37
44 45
34 3
7 30
23 39
6 43
16 2
21 27
36 5
12 10
3 3
9 22
22 31
23 11
45 33
21 39
43 16
7 36
16 3
11 5
20 34
21 20
4 13
28 36
11 45
5 23
1 6
29 27
41 42
16 26
12 36
18 7
43 3
34 13
17 1
13 16
4 41
5 20
30 37
43 33
34 35
21 5
23 24
19 32
44 2
29 41
32 23
27 8
37 16
39 13
15 21
3 16
