1
7
6
4
6
4
7
4
5
1000000
3
5
3
5
4
1
6
4
7
4
7
4
1000000
7
7
6
7
5
7
5
7
4
5
1000000
3
5
7
6
7
5
6
1000000
3
6
6
6
4
3
3
5
4
1
7
5
7
4
6
6
4
3
4
6
7
1
5
1000000
7
6
3
5
7
5
6
1000000
6
6
3
6
4
3
3
5
7
5
4
1
7
4
6
6
4
6
4
3
7
1
6
1000000
6
6
6
6
4
6
1000000
1000000
6
1000000
6
1000000
5
6
3
6
4
3
4
3
7
1
6
1000000
5
6
5
6
7
3
4
1000000
7
6
7
6
1000000
5
2
1000000
4
5
4
5
5
2
7
6
1000000
5
1000000
5
1000000
1000000
7
5
7
5
7
5
1000000
5
2
1000000
4
5
7
5
7
5
3
1000000
2
5
4
6
4
2
4
5
5
2
7
5
1000000
5
4
6
4
2
6
6
7
4
2
1000000
7
5
4
5
7
5
3
1000000
4
6
2
5
4
2
4
5
7
5
5
2
1000000
5
4
6
6
6
4
2
7
4
3
1000000
4
6
4
6
6
6
6
1000000
3
6
3
6
3
5
2
5
4
2
4
2
7
4
3
6
3
5
3
5
6
1
