0 1
1 1000000
2 1000000
3 4
4 1000000
5 4
6 1000000
7 4
8 5
9 1000000
10 3
11 5
12 3
13 5
14 4
15 1
16 1000000
17 4
18 1000000
19 4
20 1000000
21 4
22 1000000
23 1000000
24 1000000
25 1000000
26 1000000
27 5
28 1000000
29 5
30 1000000
31 4
32 5
33 1000000
34 3
35 5
36 1000000
37 1000000
38 1000000
39 5
40 1000000
41 1000000
42 3
43 1000000
44 1000000
45 1000000
46 4
47 3
48 3
49 5
50 4
51 1
52 1000000
53 5
54 1000000
55 4
56 1000000
57 1000000
58 4
59 3
60 4
61 1000000
62 1000000
63 1
64 5
65 1000000
66 1000000
67 1000000
68 3
69 5
70 1000000
71 5
72 1000000
73 1000000
74 1000000
75 1000000
76 3
77 1000000
78 4
79 3
80 3
81 5
82 1000000
83 5
84 4
85 1
86 1000000
87 4
88 1000000
89 1000000
90 4
91 1000000
92 4
93 3
94 1000000
95 1
96 1000000
97 1000000
98 1000000
99 1000000
100 1000000
101 1000000
102 4
103 1000000
104 1000000
105 1000000
106 1000000
107 1000000
108 1000000
109 1000000
110 5
111 1000000
112 3
113 1000000
114 4
115 3
116 4
117 3
118 1000000
119 1
120 1000000
121 1000000
122 5
123 1000000
124 5
125 1000000
126 1000000
127 3
128 4
129 1000000
130 1000000
131 1000000
132 1000000
133 1000000
134 1000000
135 5
136 2
137 1000000
138 4
139 5
140 4
141 5
142 5
143 2
144 1000000
145 1000000
146 1000000
147 5
148 1000000
149 5
150 1000000
151 1000000
152 1000000
153 5
154 1000000
155 5
156 1000000
157 5
158 1000000
159 5
160 2
161 1000000
162 4
163 5
164 1000000
165 5
166 1000000
167 5
168 3
169 1000000
170 2
171 5
172 4
173 1000000
174 4
175 2
176 4
177 5
178 5
179 2
180 1000000
181 5
182 1000000
183 5
184 4
185 1000000
186 4
187 2
188 1000000
189 1000000
190 1000000
191 4
192 2
193 1000000
194 1000000
195 5
196 4
197 5
198 1000000
199 5
200 3
201 1000000
202 4
203 1000000
204 2
205 5
206 4
207 2
208 4
209 5
210 1000000
211 5
212 5
213 2
214 1000000
215 5
216 4
217 1000000
218 1000000
219 1000000
220 4
221 2
222 1000000
223 4
224 3
225 1000000
226 4
227 1000000
228 4
229 1000000
230 1000000
231 1000000
232 1000000
233 1000000
234 3
235 1000000
236 3
237 1000000
238 3
239 5
240 2
241 5
242 4
243 2
244 4
245 2
246 1000000
247 4
248 3
249 1000000
250 3
251 5
252 3
253 5
254 1000000
255 1
