0 1
1 1000000
2 6
3 4
4 6
5 4
6 1000000
7 4
8 5
9 1000000
10 3
11 5
12 3
13 5
14 4
15 1
16 6
17 4
18 1000000
19 4
20 1000000
21 4
22 1000000
23 1000000
24 1000000
25 6
26 1000000
27 5
28 1000000
29 5
30 1000000
31 4
32 5
33 1000000
34 3
35 5
36 1000000
37 6
38 1000000
39 5
40 6
41 1000000
42 3
43 6
44 6
45 6
46 4
47 3
48 3
49 5
50 4
51 1
52 1000000
53 5
54 1000000
55 4
56 6
57 6
58 4
59 3
60 4
61 6
62 1000000
63 1
64 5
65 1000000
66 1000000
67 6
68 3
69 5
70 1000000
71 5
72 6
73 1000000
74 6
75 6
76 3
77 6
78 4
79 3
80 3
81 5
82 1000000
83 5
84 4
85 1
86 1000000
87 4
88 6
89 6
90 4
91 6
92 4
93 3
94 1000000
95 1
96 6
97 1000000
98 6
99 6
100 6
101 6
102 4
103 6
104 1000000
105 1000000
106 6
107 1000000
108 6
109 1000000
110 5
111 6
112 3
113 6
114 4
115 3
116 4
117 3
118 1000000
119 1
120 6
121 1000000
122 5
123 6
124 5
125 6
126 1000000
127 3
128 4
129 1000000
130 1000000
131 6
132 1000000
133 6
134 1000000
135 5
136 2
137 1000000
138 4
139 5
140 4
141 5
142 5
143 2
144 1000000
145 6
146 1000000
147 5
148 1000000
149 5
150 1000000
151 1000000
152 1000000
153 5
154 1000000
155 5
156 1000000
157 5
158 1000000
159 5
160 2
161 1000000
162 4
163 5
164 1000000
165 5
166 1000000
167 5
168 3
169 1000000
170 2
171 5
172 4
173 6
174 4
175 2
176 4
177 5
178 5
179 2
180 1000000
181 5
182 1000000
183 5
184 4
185 6
186 4
187 2
188 6
189 6
190 1000000
191 4
192 2
193 1000000
194 1000000
195 5
196 4
197 5
198 1000000
199 5
200 3
201 1000000
202 4
203 6
204 2
205 5
206 4
207 2
208 4
209 5
210 1000000
211 5
212 5
213 2
214 1000000
215 5
216 4
217 6
218 6
219 6
220 4
221 2
222 1000000
223 4
224 3
225 1000000
226 4
227 6
228 4
229 6
230 6
231 6
232 6
233 1000000
234 3
235 6
236 3
237 6
238 3
239 5
240 2
241 5
242 4
243 2
244 4
245 2
246 1000000
247 4
248 3
249 6
250 3
251 5
252 3
253 5
254 6
255 1
